\ 0.747211 0.554341 0.126490 0.826595 -0.61256 0.361827 -0.99782 -0.22568 0.683971 0.391428 -0.11572 0.746609 -0.14987 0.383673 0.399375 -0.00289 -0.01570 0.793692 0.112833 -0.18169
- -0.92861 0.623118 0.007675 0.799668 0.167994 0.547901 -0.55410 -0.45622 0.959920 -0.44426 -0.17456 -0.41900 -0.80477 0.664391 0.690552 -0.17444 -0.60910 0.831196 0.716704 0.916583
; 0.525835 -0.89870 0.487010 -0.40743 -0.19039 0.257891 -0.93697 -0.31824 -0.84669 0.050639 0.811735 0.949108 0.628525 0.858078 -0.87989 0.743752 0.336620 -0.94772 -0.36338 -0.45306
5 -0.94707 -0.85600 0.919765 -0.98469 0.972243 0.383542 0.721751 0.655367 -0.56569 -0.59418 0.953119 0.652201 0.299901 0.806342 0.952745 0.239981 0.781630 -0.74369 -0.74755 -0.07866
k 0.940998 0.391661 -0.27539 -0.63196 -0.08478 0.702976 0.675840 0.435160 0.183617 0.458556 0.043763 0.561122 -0.26714 0.944653 -0.31675 -0.56182 -0.49866 -0.33389 0.174164 0.239262
h -0.07745 0.393906 -0.71992 -0.86092 0.889872 -0.19778 0.866254 0.565257 0.825691 0.319652 -0.74582 0.839713 -0.59187 0.308515 -0.82275 -0.37683 0.409372 -0.98901 -0.16042 -0.14722
$ 0.340397 -0.43002 -0.77668 -0.15852 -0.48254 0.992705 -0.71347 0.834342 0.438325 -0.83990 0.612456 0.031135 -0.01867 -0.18141 -0.00502 0.641885 -0.28563 0.114080 0.726287 -0.52866
H 0.964631 0.492475 0.080035 -0.37673 0.434459 0.921170 0.709376 -0.27683 0.581570 0.000330 0.522320 0.590295 -0.84588 -0.63483 -0.75026 -0.73596 -0.27643 0.623928 -0.19886 0.788866
R 0.255791 -0.37592 0.731834 0.832486 -0.77635 0.966281 -0.58208 -0.10647 -0.26296 0.083716 0.309617 0.778372 0.109538 0.604703 0.834989 0.309565 -0.47010 0.339084 -0.83414 0.654655
{ 0.716579 0.172438 0.252502 0.205592 -0.73612 0.450710 0.039494 -0.96639 0.593567 -0.02767 0.638065 -0.82795 -0.61946 0.917487 0.740122 0.596790 -0.60163 0.166949 -0.25154 -0.99599
N 0.880525 0.716189 0.092536 -0.74818 -0.34049 -0.43827 0.242450 -0.42558 0.413644 0.411626 -0.43996 0.507711 -0.00063 -0.79212 0.089999 0.888407 0.719754 0.003819 0.289237 -0.43400
i -0.38802 0.244287 -0.93319 0.999532 -0.82747 -0.38585 0.494848 0.629085 -0.87639 -0.63528 0.293795 0.424170 -0.38469 -0.45821 0.699621 -0.29180 -0.95077 -0.47346 -0.38997 0.789992
X 0.445599 -0.36033 -0.24373 -0.00547 -0.97616 -0.96891 -0.21271 -0.42215 -0.96170 0.905236 -0.61713 0.373950 -0.07102 -0.85995 -0.56732 -0.78035 0.862413 -0.03208 -0.73640 -0.03509
D 0.908226 -0.69842 0.180506 0.222629 0.415629 0.788082 0.454133 -0.29171 0.305192 -0.41327 -0.66217 -0.14620 0.668412 -0.71462 0.436301 0.814704 0.250181 -0.87379 0.641393 -0.70550
~ -0.25975 0.358277 0.522136 -0.90487 -0.00795 -0.67369 0.595002 -0.47852 0.708731 0.028695 -0.99910 -0.04399 0.165992 0.323002 -0.55694 -0.27731 -0.93764 0.311572 0.206911 0.886188
G 0.637121 0.688930 0.411140 -0.09268 -0.34458 -0.33002 0.563743 -0.99942 -0.32437 -0.41662 0.696381 -0.52025 0.641760 -0.69050 0.004813 0.890349 0.575932 0.218724 0.764726 0.665016
_ 0.867004 -0.34546 -0.83295 0.817207 -0.39868 0.784266 0.431367 0.672368 -0.03845 0.188582 0.761411 0.501946 0.831268 0.847467 -0.57294 0.809060 0.639427 -0.80803 -0.06719 0.044502
P -0.69297 0.904773 -0.78584 0.354680 -0.26103 -0.99743 -0.60371 -0.86036 0.528732 -0.63488 -0.06122 -0.62248 0.663883 0.019318 -0.21195 0.183375 0.740173 -0.00080 -0.74758 0.120165
c -0.94865 -0.78454 0.112388 -0.74363 0.735659 -0.37575 -0.48520 -0.56564 -0.13407 0.405077 -0.08423 0.003729 0.924568 -0.21244 -0.86369 -0.13964 -0.05181 -0.64842 0.211777 -0.44454
a -0.19019 0.312533 0.293680 -0.00996 -0.26312 0.960747 0.232235 0.908189 -0.66912 -0.66824 -0.78877 0.055634 0.022257 0.074862 0.860994 -0.27810 -0.26949 -0.69355 -0.46780 0.295402
s 0.589140 0.273314 0.956848 -0.50998 0.682072 -0.87343 -0.77084 0.575121 -0.34711 -0.07112 -0.93665 0.326668 0.765515 0.349642 0.171279 0.815532 0.315871 -0.20550 0.416255 -0.11398
r -0.49846 -0.16731 0.375048 0.605515 -0.23363 0.018124 -0.97175 -0.56427 -0.01188 -0.76491 0.980794 -0.40547 -0.85884 -0.16113 0.457240 -0.91938 0.483131 -0.00286 -0.95392 0.695944
M -0.77748 0.549084 0.350912 0.381637 0.285179 -0.15356 -0.90179 0.979229 -0.16095 -0.83789 0.839959 -0.04714 -0.62913 -0.41665 0.943679 -0.61536 -0.97274 -0.61700 -0.25019 -0.94568
, -0.24461 0.151434 -0.09965 -0.16544 0.281095 -0.12776 0.848764 -0.06308 0.567497 -0.92582 -0.60937 -0.96241 -0.44873 -0.05433 -0.60713 -0.11871 0.997557 -0.04005 -0.26570 0.567775
d 0.446553 -0.58758 -0.91259 0.569030 0.276728 0.554519 -0.35787 0.480693 0.726272 -0.84522 -0.72674 -0.02137 0.988808 0.710018 -0.22833 -0.12187 0.351405 0.413135 -0.93071 0.442853
" -0.32161 -0.01317 0.577496 0.580288 -0.82067 -0.60263 -0.45968 0.440795 -0.78832 0.499021 0.771260 0.186177 -0.08288 -0.40649 0.935953 -0.27309 -0.74804 -0.94268 0.677427 0.488675
B -0.84633 -0.35313 0.719660 -0.29724 0.760908 -0.69546 -0.04025 -0.06640 -0.53821 0.202709 -0.82471 0.798878 -0.38297 0.976421 -0.92174 -0.31342 -0.47662 0.423239 -0.88847 0.815514
7 -0.54255 -0.70342 0.531074 -0.10536 -0.88563 -0.34333 -0.85743 -0.99531 0.460884 0.210298 0.006887 -0.42884 0.030333 -0.38811 0.876882 0.459712 -0.87951 0.173766 -0.67822 0.683141
E 0.633928 -0.56627 -0.87984 0.899475 0.548869 0.160785 0.983260 -0.96944 0.782938 0.009839 -0.82374 0.915077 0.979269 -0.04754 0.389221 -0.07446 -0.40961 0.839009 -0.31786 -0.11604
t 0.536528 -0.88655 0.944615 -0.97795 0.381589 -0.20838 0.818095 -0.73724 -0.78409 0.050399 0.420181 -0.71177 0.540385 0.226192 -0.44994 0.939972 -0.76088 0.453116 0.824160 0.302534
J -0.49347 0.898356 0.850707 -0.49598 0.774830 -0.30352 0.941466 -0.36295 0.704212 0.468297 0.928829 0.127007 0.879961 -0.62958 -0.70013 0.786704 0.004225 -0.19660 0.323951 -0.93952
q -0.79359 -0.83606 0.614664 0.621331 -0.92734 -0.24754 -0.26751 -0.86101 -0.20585 -0.89787 0.376465 0.516850 -0.42204 -0.46701 -0.12529 0.065326 0.351973 0.259567 0.111527 0.452726
e 0.903571 -0.58838 -0.67134 -0.57538 -0.40210 -0.24884 -0.91090 0.547459 -0.79896 0.098125 -0.22182 -0.55283 0.392567 0.024579 -0.88102 -0.57084 -0.77851 -0.08513 0.776011 0.488188
' 0.647632 0.746344 0.270461 -0.25320 -0.39025 0.639522 0.621701 0.356511 -0.71887 0.221974 -0.74425 -0.09071 0.347381 0.233780 -0.51939 0.329342 0.837544 -0.64817 -0.61094 0.358736
@ 0.301280 -0.49647 0.834002 -0.72386 0.428201 -0.43338 0.687519 -0.75907 0.832240 0.214335 0.059719 0.591680 -0.79238 -0.94411 -0.14777 -0.94787 -0.32324 0.347541 0.356293 -0.20928
V -0.62919 0.938807 0.152308 0.630198 -0.53086 0.213541 0.591664 0.117725 0.115797 0.353348 -0.28385 0.193065 0.735304 0.463089 0.900105 0.857199 0.981573 -0.46695 -0.45209 -0.71729
` -0.62691 0.104104 0.678103 -0.06233 -0.74154 0.020365 -0.52397 0.948220 -0.16299 -0.14404 -0.10073 0.253955 0.677038 -0.97295 0.333894 -0.82451 -0.13834 0.304353 0.260623 -0.86369
# -0.62904 0.945612 0.166072 -0.92306 0.967774 -0.75863 -0.04537 0.087761 -0.87569 0.630515 0.357435 0.930280 0.412703 0.042439 -0.09324 -0.98655 -0.38670 -0.59085 -0.59266 0.075901
} 0.470566 0.250605 0.480827 0.246991 -0.55225 0.682231 -0.44240 -0.87095 0.765037 0.416638 0.973508 -0.85301 -0.55583 0.125796 -0.78793 0.427239 -0.87275 -0.52779 0.910805 0.774455
I -0.82870 -0.36975 -0.79264 -0.37396 0.328181 0.092942 -0.65652 0.608332 0.471047 -0.62999 0.271019 0.295977 0.904092 0.994182 0.565860 -0.66986 -0.79116 -0.51533 0.511715 0.242130
U -0.25716 -0.03180 -0.89827 -0.39885 -0.98933 0.938372 -0.32592 0.472962 0.242166 0.563735 0.621237 0.553313 -0.55222 -0.18827 0.382289 0.589471 0.254167 -0.63392 0.433080 0.251552
8 -0.49606 0.999892 -0.39104 0.021982 -0.94991 -0.01769 0.192053 -0.69862 0.332318 -0.26049 0.541394 -0.65201 -0.86182 0.073270 0.561982 0.377096 -0.98140 0.223595 -0.96583 -0.48590
^ -0.99029 -0.03392 -0.33638 0.292080 0.491633 0.602489 0.361120 0.844159 -0.90226 -0.55806 0.744612 0.755553 0.168120 -0.09170 -0.01156 -0.11814 0.333915 0.437194 -0.93187 -0.84749
p 0.715988 0.583981 0.275284 0.704069 -0.64800 -0.51085 0.738543 -0.76380 -0.07471 0.277870 -0.39452 0.077549 -0.33932 -0.53136 0.771615 -0.02141 -0.18253 -0.99193 -0.50885 -0.57674
( -0.63633 0.844871 0.057430 0.263409 -0.10334 0.474064 0.906643 0.563927 0.436533 -0.33077 -0.00791 -0.88678 -0.89838 0.888577 0.959728 -0.67050 -0.77287 0.977116 -0.90106 -0.43967
O -0.26428 -0.41883 0.769619 0.092612 0.256255 0.430705 0.843028 0.524605 -0.99217 -0.86746 -0.60488 -0.42020 -0.81979 -0.92458 0.674649 -0.69551 0.149851 0.183112 0.401492 0.373026
l 0.504548 0.111933 -0.86946 -0.12141 0.110347 0.010675 -0.10216 -0.69098 0.294873 0.806417 0.596663 0.098913 0.645608 0.713727 -0.22108 -0.02347 -0.68453 -0.35878 0.208025 0.213661
g -0.50354 0.688441 0.625394 -0.35323 0.451224 0.422308 -0.21214 0.995301 -0.50649 -0.33830 0.292904 -0.09265 -0.78221 0.641878 -0.99399 -0.62934 0.740694 -0.91156 0.392142 0.196223
j 0.611758 -0.49807 -0.48082 0.230036 -0.54131 0.444346 -0.92527 0.030745 -0.69068 -0.12761 -0.36402 -0.43120 -0.62459 0.869486 0.164885 0.829467 0.307447 0.089478 -0.25580 -0.34715
z -0.29554 -0.40347 0.790919 -0.66304 -0.40616 0.900635 0.210385 0.183648 -0.46027 0.220885 -0.59575 -0.65341 0.045006 -0.95669 -0.48630 -0.47490 0.716657 0.695944 0.594580 -0.08603
v -0.92482 0.051531 0.878161 -0.58523 0.484740 0.019638 -0.42247 -0.88591 0.736441 -0.70051 0.778092 -0.21646 0.806136 -0.06699 -0.88607 -0.05352 0.175036 0.066331 0.935684 -0.78293
A 0.557015 0.132717 0.656439 -0.48396 -0.18270 -0.24296 -0.33627 0.990074 0.584295 -0.17153 0.601554 -0.35271 -0.22403 0.858343 -0.82390 -0.97399 0.808852 0.731839 0.873631 0.994201
S -0.23743 -0.24220 -0.32832 0.021760 0.136427 -0.92537 0.174396 0.715031 -0.31186 -0.38785 -0.21154 -0.75972 0.003383 -0.87969 -0.06393 -0.99142 -0.43843 0.898951 0.417552 0.343946
1 -0.06066 0.372932 0.418085 -0.64187 -0.60696 0.517965 -0.36642 0.527613 -0.86409 -0.22891 -0.29878 -0.48531 -0.95762 -0.68129 -0.14873 -0.94793 0.431037 0.519936 -0.22412 -0.18071
n -0.82523 -0.59976 -0.36593 0.535946 -0.55362 0.641134 -0.90327 0.973304 -0.42759 -0.03849 0.609832 -0.23451 0.744918 0.081649 0.106946 0.176131 0.194035 -0.62465 0.390108 -0.19917
& 0.962927 0.332737 -0.23065 0.976137 -0.72283 -0.32106 0.749906 -0.67200 -0.10453 0.154040 0.356032 -0.15963 0.562371 0.833033 0.926762 -0.34282 0.667154 -0.56781 0.522448 -0.06901
? 0.984261 0.709822 0.943328 -0.74700 -0.19343 0.514190 0.432242 -0.52706 0.751227 0.347484 -0.67553 -0.86692 0.497426 -0.27637 -0.50990 0.438598 -0.68848 0.069292 -0.43916 0.442190
9 -0.53600 0.555376 -0.47939 0.683824 -0.60185 -0.45506 0.450817 -0.32375 -0.98079 0.878131 -0.92327 0.282071 0.309456 0.531325 0.512666 0.571747 0.471463 -0.96643 -0.14900 -0.60741
< -0.28384 -0.50168 -0.87033 -0.84569 -0.60533 -0.31573 -0.42480 0.079348 -0.81333 0.111105 -0.80899 -0.21558 0.327908 0.064851 0.981925 -0.44369 0.121293 0.741165 0.657891 0.440668
2 0.673306 -0.19471 -0.66734 -0.86570 -0.68626 -0.29360 -0.56031 0.399255 0.994321 0.848497 0.791483 -0.80933 -0.62050 0.298137 -0.78798 0.410299 -0.89077 -0.56561 0.076799 0.658364
K 0.727154 0.412101 -0.00820 0.153154 -0.53036 0.185976 0.348002 -0.81199 -0.25654 -0.90049 -0.43837 -0.91892 0.998982 -0.00395 -0.04764 -0.36047 -0.85352 0.577394 0.540933 0.886096
! -0.69081 0.465280 -0.53556 0.989803 0.961239 0.777154 0.916958 -0.14916 0.740273 0.435253 0.528105 0.096079 -0.29477 0.657499 0.791211 -0.98239 0.419341 -0.49855 0.663003 0.314451
Y -0.19179 -0.32640 -0.64021 0.330665 -0.50707 -0.31995 -0.92285 -0.18012 0.795199 0.109980 -0.87171 0.324298 0.650631 0.898627 -0.69326 0.735387 -0.81962 -0.35581 -0.05816 0.064980
T -0.59903 0.636013 0.069098 0.479705 0.463739 0.784168 0.113017 0.437746 -0.48102 0.312502 -0.75700 0.880433 -0.61657 -0.37297 0.631980 0.503722 -0.63329 0.549811 0.000350 0.268721
w -0.14748 0.259786 0.715569 0.701056 0.970880 0.350395 -0.95899 -0.80986 0.283447 0.743070 -0.20343 -0.34707 0.205659 -0.13996 0.366394 0.537755 0.996530 0.361999 0.780101 0.582181
0 0.229436 0.013430 0.986345 -0.87941 -0.97435 0.671780 -0.89316 -0.67392 0.854804 0.517714 -0.66196 0.044194 -0.15804 0.749149 0.323889 0.167867 0.647743 0.427961 -0.96030 -0.20765
b -0.10081 -0.84492 0.819586 -0.36559 0.204137 -0.13986 0.535207 0.852534 -0.72737 -0.89429 -0.98520 0.419752 -0.65196 0.485995 0.475239 -0.10954 -0.59932 -0.85665 -0.61949 -0.75627
) 0.013266 -0.42425 0.736103 0.353763 -0.63836 0.129533 -0.27435 0.775935 0.681761 -0.74831 0.204404 0.568904 0.866851 0.162489 -0.71842 -0.75890 -0.94981 -0.33680 -0.02577 -0.05414
] -0.75250 0.310376 -0.38540 -0.70893 0.889281 0.058037 -0.55024 -0.41455 -0.81939 -0.15522 0.296332 -0.31239 0.442032 0.695686 0.215027 -0.63672 0.791202 0.036661 0.905139 -0.11659
+ 0.617251 -0.85041 0.429315 -0.68770 0.879412 0.387046 0.850527 -0.49102 -0.15802 0.738740 -0.85638 0.927520 -0.44134 -0.93562 0.936071 0.174437 0.098592 -0.35152 0.290017 -0.49694
f -0.87455 0.871998 -0.08060 0.679436 -0.18826 0.401045 0.565543 -0.65604 -0.60767 0.522068 0.831186 0.486896 0.606197 0.498982 -0.77755 0.017041 -0.73175 -0.89975 -0.42311 -0.33918
4 -0.22576 0.094750 0.640875 0.068214 0.271944 -0.44703 0.207682 -0.51017 0.353410 -0.77254 -0.63009 -0.37461 0.387071 0.395253 0.163225 0.048872 -0.05465 -0.83837 0.390490 -0.13653
[ 0.737587 -0.61319 0.911283 -0.68355 0.443210 0.137446 -0.02473 0.157893 -0.17504 0.763780 -0.35184 0.604072 -0.64615 -0.70324 -0.41729 0.189529 -0.83693 0.545874 0.231192 0.759666
m 0.781581 -0.61285 0.183082 0.713775 0.609706 0.799500 0.451289 0.161396 -0.37016 0.990909 -0.49155 0.677152 -0.06018 -0.67278 -0.00276 -0.36964 -0.24844 -0.23169 -0.84837 0.700555
* -0.38924 0.580672 -0.43949 -0.86953 0.067491 -0.67709 -0.57588 -0.32989 -0.62411 -0.64367 -0.19858 -0.46218 0.010915 0.974488 -0.53997 0.672292 -0.57292 -0.82924 -0.16932 0.362896
% -0.08762 -0.73775 0.449721 -0.88961 -0.50848 -0.75398 -0.44734 0.065876 0.004788 -0.15199 -0.87919 0.853442 -0.70479 0.973439 0.973620 0.003278 0.425394 0.067964 0.155494 0.677873
= 0.726795 0.145424 0.193520 0.576565 0.956790 -0.74590 0.283790 0.240342 0.059612 0.951005 -0.73372 0.598530 -0.63273 0.825994 0.237853 0.287669 0.516621 -0.77127 -0.30147 -0.44665
F 0.084182 0.654912 0.070981 0.802781 -0.48420 -0.31045 0.633423 0.597664 0.663890 0.012930 0.471478 -0.50695 0.857575 -0.51701 -0.69722 0.942115 -0.78187 0.558574 0.867846 -0.52264
y 0.884064 -0.81809 -0.09489 -0.82039 -0.34979 -0.28889 0.700761 0.530717 -0.86535 0.915889 0.343737 0.395861 -0.29069 -0.43460 0.136204 0.199943 0.992522 -0.53486 -0.63455 -0.96761
W 0.262093 -0.58249 -0.13285 -0.49089 0.119867 -0.29204 -0.08086 0.351309 0.168037 -0.80234 -0.06177 -0.16032 -0.97561 0.225408 -0.57594 0.185562 0.901479 -0.06624 0.713579 -0.76841
u 0.720923 -0.16765 -0.66412 0.554077 0.410686 0.443326 0.459576 0.132566 -0.05029 0.355511 0.464070 -0.96399 -0.92306 0.640239 0.313882 -0.35256 -0.98456 0.520855 0.461415 0.067924
. -0.84038 -0.82355 -0.33857 0.481183 0.967293 0.073994 0.018141 -0.50352 0.276649 -0.64201 0.518184 -0.03914 -0.07667 0.034623 0.762960 -0.95291 -0.19502 -0.56879 -0.48673 0.889831
6 0.406479 -0.80554 0.924187 0.791854 -0.19617 -0.58976 0.685535 -0.04908 0.636930 0.690262 -0.20727 0.763046 -0.72094 0.925886 0.600198 0.209342 0.307245 -0.42299 0.778421 0.286815
| 0.790772 0.180576 -0.31040 -0.25305 -0.69390 -0.62885 0.205217 -0.17464 -0.53715 -0.34333 0.249054 -0.10720 0.626882 -0.84186 0.297470 0.284239 0.443299 0.856954 0.897946 -0.98250
> 0.320190 -0.54174 0.209568 -0.39571 0.628264 0.801590 -0.01578 -0.67153 -0.11485 0.166094 0.607126 -0.18241 -0.11615 0.463296 0.333617 -0.20747 -0.66753 -0.73596 0.381162 -0.02682
C -0.54286 0.471242 -0.24523 0.836159 -0.02468 -0.41453 0.595975 -0.37504 0.026507 -0.60168 -0.94016 -0.56951 0.457346 0.118041 -0.22702 -0.99448 0.774461 0.452583 0.757551 0.137983
L 0.163996 -0.16034 -0.75166 0.301522 0.529619 -0.71135 -0.65997 0.308147 -0.79291 -0.31539 0.650396 -0.59567 0.030494 0.489239 0.137998 0.012314 0.160303 0.600983 -0.98330 -0.58970
Q 0.811425 0.486019 -0.73671 -0.24478 0.289193 -0.08929 0.604715 0.534365 0.144214 -0.72037 -0.54916 0.605538 -0.46315 0.964496 0.781836 -0.64722 0.843741 0.817290 -0.74708 -0.19796
o -0.99895 -0.82700 0.285521 -0.02023 -0.10280 0.062155 0.752466 -0.12906 -0.63243 0.001622 0.729464 -0.51955 -0.67405 -0.36354 -0.94718 0.103409 0.514722 -0.68211 0.524757 -0.10217
/ -0.42205 -0.64820 0.052448 0.000555 -0.58362 -0.62503 -0.14501 0.987711 0.405751 0.234442 -0.12448 -0.63573 -0.85652 0.780664 -0.25346 -0.45865 0.301418 -0.19141 -0.69692 -0.10552
: 0.558956 -0.06056 0.317543 -0.65522 -0.46730 -0.92192 0.832941 -0.71975 0.015139 0.076192 0.262269 0.543729 0.514445 0.384337 0.121796 0.052291 0.328789 -0.43806 0.982624 -0.15196
3 0.437120 0.690234 -0.01005 -0.84149 -0.86826 0.131807 -0.64230 -0.50602 0.628475 -0.67059 -0.89573 0.775948 0.236247 0.553121 -0.20424 -0.58858 -0.91541 -0.93277 0.863558 -0.11295
x -0.72115 -0.98658 -0.66843 0.895616 -0.93867 0.369062 0.717002 0.436272 0.490076 -0.34181 -0.60182 -0.32308 0.189636 -0.86568 -0.35581 -0.27386 0.891821 0.160318 -0.24080 -0.82446
Z -0.02734 -0.23395 0.305575 0.312067 -0.04269 0.206672 -0.52025 0.858698 0.376616 0.416170 0.289288 -0.05821 0.593709 0.666745 0.755530 0.620951 -0.78374 0.525443 0.728275 -0.72087
